shock size, length, rates
2.0,3.5, 100,250,300,400,450,500,600,650,700,900
2.0,5, 225,300,350,375,400,425,450,500,650,1600
2.0,6.5, 100,150,175,200,225,250,275,300,325,350,400,450,500,550,600,650,700,750,900,1000,1150
2.0,8, 60,80,90,100,110,125,140,150,175,180,200,220,225,250,275,300,325,350,375,400,425,450,475,500,525,550,575,600,650,700,750,800,900,1000,1100,1200,1300,1400,1500
2.0,8.5, 60,100,140,180,220,300,350,400,450,550,650
2.0,10, 80,90,100,110,125,150,162,175,200,225,250,275,300,325,350,375,400,425,450,475,500,525,550,575,600,650,700,750,800
2.0,12, 60,70,80,90,100,110,120,125,130,140,150,165,175,185,200,225,250,275,300,325,350,375,400,425,450,475,500,525,550,575,600,625,650,675,700,750,800,900,1000
2.0,14, 50,65,70,80,90,100,110,120,125,130,140,150,165,175,185,200,225,250,275,300,325,350,375,400,425,450,475,500,525,550,575,600,650,675,700,750,800,900,1000
2.0,16, 80,85,100,125,130,150,175,200,225,250,300,350,400,450,500,550,600,650,700,750
2.0,18, 100,125,150,175,200,225,250,300,350,400,450,500
2.5,8, 100,150,200,250,300,350,400,450,500,550,600
2.5,10, 80,90,100,125,150,175,200,225,250,300,325,350,400,450,500,600,700,800
2.5,12, 100,125,150,160,175,185,200,225,250,275,300,325,345,400,450,500,600,650,700
2.5,14, 75,100,125,150,175,200,225,250,275,300,350,400,450,500,550,600,650,700
2.5,16, 75,100,125,150,175,185,200,225,250,275,300,350,400,450,500,550,575,600,650,700,800
2.5,18, 75,100,150,175,200,580,300,350,400,450,500,550,600,650,700,750,800
2.5,20, 550,600,650,700
3.0,8, 100,150,200,250,300,350,400,450
3.0,10, 100,150,200,250,300,350,400,450,500
3.0,12, 100,125,150,200,250,300,350,400,450,500,550
3.0,14, 100,150,200,250,300,350,400,450,500
3.0,16, 200,250,300,350,400,450,500,600,650,700,800,900,1000
3.0,18, 75,200,250,300,400,450,500,600,700,750,800,900,1000
3.0,20, 150,200,250,300,350,400,450,500,600,650,700,800,900,1000
3.0,26, 450,500,550
